nrec = 160
001 60.0 60.0
002 60.0 62.0
003 60.0 64.0
004 60.0 66.0
005 60.0 68.0
006 60.0 70.0
007 60.0 72.0
008 60.0 74.0
009 60.0 76.0
010 60.0 78.0
011 60.0 80.0
012 60.0 82.0
013 60.0 84.0
014 60.0 86.0
015 60.0 88.0
016 60.0 90.0
017 60.0 92.0
018 60.0 94.0
019 60.0 96.0
020 60.0 98.0
021 60.0 100.0
022 60.0 102.0
023 60.0 104.0
024 60.0 106.0
025 60.0 108.0
026 60.0 110.0
027 60.0 112.0
028 60.0 114.0
029 60.0 116.0
030 60.0 118.0
031 60.0 120.0
032 60.0 122.0
033 60.0 124.0
034 60.0 126.0
035 60.0 128.0
036 60.0 130.0
037 60.0 132.0
038 60.0 134.0
039 60.0 136.0
040 60.0 138.0
041 60.0 140.0
042 62.0 140.0
043 64.0 140.0
044 66.0 140.0
045 68.0 140.0
046 70.0 140.0
047 72.0 140.0
048 74.0 140.0
049 76.0 140.0
050 78.0 140.0
051 80.0 140.0
052 82.0 140.0
053 84.0 140.0
054 86.0 140.0
055 88.0 140.0
056 90.0 140.0
057 92.0 140.0
058 94.0 140.0
059 96.0 140.0
060 98.0 140.0
061 100.0 140.0
062 102.0 140.0
063 104.0 140.0
064 106.0 140.0
065 108.0 140.0
066 110.0 140.0
067 112.0 140.0
068 114.0 140.0
069 116.0 140.0
070 118.0 140.0
071 120.0 140.0
072 122.0 140.0
073 124.0 140.0
074 126.0 140.0
075 128.0 140.0
076 130.0 140.0
077 132.0 140.0
078 134.0 140.0
079 136.0 140.0
080 138.0 140.0
081 140.0 140.0
082 140.0 60.0
083 140.0 62.0
084 140.0 64.0
085 140.0 66.0
086 140.0 68.0
087 140.0 70.0
088 140.0 72.0
089 140.0 74.0
090 140.0 76.0
091 140.0 78.0
092 140.0 80.0
093 140.0 82.0
094 140.0 84.0
095 140.0 86.0
096 140.0 88.0
097 140.0 90.0
098 140.0 92.0
099 140.0 94.0
100 140.0 96.0
101 140.0 98.0
102 140.0 100.0
103 140.0 102.0
104 140.0 104.0
105 140.0 106.0
106 140.0 108.0
107 140.0 110.0
108 140.0 112.0
109 140.0 114.0
110 140.0 116.0
111 140.0 118.0
112 140.0 120.0
113 140.0 122.0
114 140.0 124.0
115 140.0 126.0
116 140.0 128.0
117 140.0 130.0
118 140.0 132.0
119 140.0 134.0
120 140.0 136.0
121 140.0 138.0
122 62.0 60.0
123 64.0 60.0
124 66.0 60.0
125 68.0 60.0
126 70.0 60.0
127 72.0 60.0
128 74.0 60.0
129 76.0 60.0
130 78.0 60.0
131 80.0 60.0
132 82.0 60.0
133 84.0 60.0
134 86.0 60.0
135 88.0 60.0
136 90.0 60.0
137 92.0 60.0
138 94.0 60.0
139 96.0 60.0
140 98.0 60.0
141 100.0 60.0
142 102.0 60.0
143 104.0 60.0
144 106.0 60.0
145 108.0 60.0
146 110.0 60.0
147 112.0 60.0
148 114.0 60.0
149 116.0 60.0
150 118.0 60.0
151 120.0 60.0
152 122.0 60.0
153 124.0 60.0
154 126.0 60.0
155 128.0 60.0
156 130.0 60.0
157 132.0 60.0
158 134.0 60.0
159 136.0 60.0
160 138.0 60.0
