           0   8.5611230959829499E-014   0.0000000000000000     
           1   3.5503905409604146E-014   0.0000000000000000     
           2   2.8806680008844207E-014   0.0000000000000000     
           3   1.8169923374918475E-014   0.0000000000000000     
           4   1.3757684950773617E-014   0.0000000000000000     
           5   1.0687796115074020E-014   0.0000000000000000     
           6   8.5826988862697211E-015   0.0000000000000000     
           7   7.3569631488481784E-015   0.0000000000000000     
           8   6.6627085849865641E-015   0.0000000000000000     
           9   6.1260539787903160E-015   0.0000000000000000     
          10   5.7659316781669057E-015   0.0000000000000000     
